1000000 1000000
1000
1 1 999999 999999
3 3 999997 999997
5 5 999995 999995
7 7 999993 999993
9 9 999991 999991
11 11 999989 999989
13 13 999987 999987
15 15 999985 999985
17 17 999983 999983
19 19 999981 999981
21 21 999979 999979
23 23 999977 999977
25 25 999975 999975
27 27 999973 999973
29 29 999971 999971
31 31 999969 999969
33 33 999967 999967
35 35 999965 999965
37 37 999963 999963
39 39 999961 999961
41 41 999959 999959
43 43 999957 999957
45 45 999955 999955
47 47 999953 999953
49 49 999951 999951
51 51 999949 999949
53 53 999947 999947
55 55 999945 999945
57 57 999943 999943
59 59 999941 999941
61 61 999939 999939
63 63 999937 999937
65 65 999935 999935
67 67 999933 999933
69 69 999931 999931
71 71 999929 999929
73 73 999927 999927
75 75 999925 999925
77 77 999923 999923
79 79 999921 999921
81 81 999919 999919
83 83 999917 999917
85 85 999915 999915
87 87 999913 999913
89 89 999911 999911
91 91 999909 999909
93 93 999907 999907
95 95 999905 999905
97 97 999903 999903
99 99 999901 999901
101 101 999899 999899
103 103 999897 999897
105 105 999895 999895
107 107 999893 999893
109 109 999891 999891
111 111 999889 999889
113 113 999887 999887
115 115 999885 999885
117 117 999883 999883
119 119 999881 999881
121 121 999879 999879
123 123 999877 999877
125 125 999875 999875
127 127 999873 999873
129 129 999871 999871
131 131 999869 999869
133 133 999867 999867
135 135 999865 999865
137 137 999863 999863
139 139 999861 999861
141 141 999859 999859
143 143 999857 999857
145 145 999855 999855
147 147 999853 999853
149 149 999851 999851
151 151 999849 999849
153 153 999847 999847
155 155 999845 999845
157 157 999843 999843
159 159 999841 999841
161 161 999839 999839
163 163 999837 999837
165 165 999835 999835
167 167 999833 999833
169 169 999831 999831
171 171 999829 999829
173 173 999827 999827
175 175 999825 999825
177 177 999823 999823
179 179 999821 999821
181 181 999819 999819
183 183 999817 999817
185 185 999815 999815
187 187 999813 999813
189 189 999811 999811
191 191 999809 999809
193 193 999807 999807
195 195 999805 999805
197 197 999803 999803
199 199 999801 999801
201 201 999799 999799
203 203 999797 999797
205 205 999795 999795
207 207 999793 999793
209 209 999791 999791
211 211 999789 999789
213 213 999787 999787
215 215 999785 999785
217 217 999783 999783
219 219 999781 999781
221 221 999779 999779
223 223 999777 999777
225 225 999775 999775
227 227 999773 999773
229 229 999771 999771
231 231 999769 999769
233 233 999767 999767
235 235 999765 999765
237 237 999763 999763
239 239 999761 999761
241 241 999759 999759
243 243 999757 999757
245 245 999755 999755
247 247 999753 999753
249 249 999751 999751
251 251 999749 999749
253 253 999747 999747
255 255 999745 999745
257 257 999743 999743
259 259 999741 999741
261 261 999739 999739
263 263 999737 999737
265 265 999735 999735
267 267 999733 999733
269 269 999731 999731
271 271 999729 999729
273 273 999727 999727
275 275 999725 999725
277 277 999723 999723
279 279 999721 999721
281 281 999719 999719
283 283 999717 999717
285 285 999715 999715
287 287 999713 999713
289 289 999711 999711
291 291 999709 999709
293 293 999707 999707
295 295 999705 999705
297 297 999703 999703
299 299 999701 999701
301 301 999699 999699
303 303 999697 999697
305 305 999695 999695
307 307 999693 999693
309 309 999691 999691
311 311 999689 999689
313 313 999687 999687
315 315 999685 999685
317 317 999683 999683
319 319 999681 999681
321 321 999679 999679
323 323 999677 999677
325 325 999675 999675
327 327 999673 999673
329 329 999671 999671
331 331 999669 999669
333 333 999667 999667
335 335 999665 999665
337 337 999663 999663
339 339 999661 999661
341 341 999659 999659
343 343 999657 999657
345 345 999655 999655
347 347 999653 999653
349 349 999651 999651
351 351 999649 999649
353 353 999647 999647
355 355 999645 999645
357 357 999643 999643
359 359 999641 999641
361 361 999639 999639
363 363 999637 999637
365 365 999635 999635
367 367 999633 999633
369 369 999631 999631
371 371 999629 999629
373 373 999627 999627
375 375 999625 999625
377 377 999623 999623
379 379 999621 999621
381 381 999619 999619
383 383 999617 999617
385 385 999615 999615
387 387 999613 999613
389 389 999611 999611
391 391 999609 999609
393 393 999607 999607
395 395 999605 999605
397 397 999603 999603
399 399 999601 999601
401 401 999599 999599
403 403 999597 999597
405 405 999595 999595
407 407 999593 999593
409 409 999591 999591
411 411 999589 999589
413 413 999587 999587
415 415 999585 999585
417 417 999583 999583
419 419 999581 999581
421 421 999579 999579
423 423 999577 999577
425 425 999575 999575
427 427 999573 999573
429 429 999571 999571
431 431 999569 999569
433 433 999567 999567
435 435 999565 999565
437 437 999563 999563
439 439 999561 999561
441 441 999559 999559
443 443 999557 999557
445 445 999555 999555
447 447 999553 999553
449 449 999551 999551
451 451 999549 999549
453 453 999547 999547
455 455 999545 999545
457 457 999543 999543
459 459 999541 999541
461 461 999539 999539
463 463 999537 999537
465 465 999535 999535
467 467 999533 999533
469 469 999531 999531
471 471 999529 999529
473 473 999527 999527
475 475 999525 999525
477 477 999523 999523
479 479 999521 999521
481 481 999519 999519
483 483 999517 999517
485 485 999515 999515
487 487 999513 999513
489 489 999511 999511
491 491 999509 999509
493 493 999507 999507
495 495 999505 999505
497 497 999503 999503
499 499 999501 999501
501 501 999499 999499
503 503 999497 999497
505 505 999495 999495
507 507 999493 999493
509 509 999491 999491
511 511 999489 999489
513 513 999487 999487
515 515 999485 999485
517 517 999483 999483
519 519 999481 999481
521 521 999479 999479
523 523 999477 999477
525 525 999475 999475
527 527 999473 999473
529 529 999471 999471
531 531 999469 999469
533 533 999467 999467
535 535 999465 999465
537 537 999463 999463
539 539 999461 999461
541 541 999459 999459
543 543 999457 999457
545 545 999455 999455
547 547 999453 999453
549 549 999451 999451
551 551 999449 999449
553 553 999447 999447
555 555 999445 999445
557 557 999443 999443
559 559 999441 999441
561 561 999439 999439
563 563 999437 999437
565 565 999435 999435
567 567 999433 999433
569 569 999431 999431
571 571 999429 999429
573 573 999427 999427
575 575 999425 999425
577 577 999423 999423
579 579 999421 999421
581 581 999419 999419
583 583 999417 999417
585 585 999415 999415
587 587 999413 999413
589 589 999411 999411
591 591 999409 999409
593 593 999407 999407
595 595 999405 999405
597 597 999403 999403
599 599 999401 999401
601 601 999399 999399
603 603 999397 999397
605 605 999395 999395
607 607 999393 999393
609 609 999391 999391
611 611 999389 999389
613 613 999387 999387
615 615 999385 999385
617 617 999383 999383
619 619 999381 999381
621 621 999379 999379
623 623 999377 999377
625 625 999375 999375
627 627 999373 999373
629 629 999371 999371
631 631 999369 999369
633 633 999367 999367
635 635 999365 999365
637 637 999363 999363
639 639 999361 999361
641 641 999359 999359
643 643 999357 999357
645 645 999355 999355
647 647 999353 999353
649 649 999351 999351
651 651 999349 999349
653 653 999347 999347
655 655 999345 999345
657 657 999343 999343
659 659 999341 999341
661 661 999339 999339
663 663 999337 999337
665 665 999335 999335
667 667 999333 999333
669 669 999331 999331
671 671 999329 999329
673 673 999327 999327
675 675 999325 999325
677 677 999323 999323
679 679 999321 999321
681 681 999319 999319
683 683 999317 999317
685 685 999315 999315
687 687 999313 999313
689 689 999311 999311
691 691 999309 999309
693 693 999307 999307
695 695 999305 999305
697 697 999303 999303
699 699 999301 999301
701 701 999299 999299
703 703 999297 999297
705 705 999295 999295
707 707 999293 999293
709 709 999291 999291
711 711 999289 999289
713 713 999287 999287
715 715 999285 999285
717 717 999283 999283
719 719 999281 999281
721 721 999279 999279
723 723 999277 999277
725 725 999275 999275
727 727 999273 999273
729 729 999271 999271
731 731 999269 999269
733 733 999267 999267
735 735 999265 999265
737 737 999263 999263
739 739 999261 999261
741 741 999259 999259
743 743 999257 999257
745 745 999255 999255
747 747 999253 999253
749 749 999251 999251
751 751 999249 999249
753 753 999247 999247
755 755 999245 999245
757 757 999243 999243
759 759 999241 999241
761 761 999239 999239
763 763 999237 999237
765 765 999235 999235
767 767 999233 999233
769 769 999231 999231
771 771 999229 999229
773 773 999227 999227
775 775 999225 999225
777 777 999223 999223
779 779 999221 999221
781 781 999219 999219
783 783 999217 999217
785 785 999215 999215
787 787 999213 999213
789 789 999211 999211
791 791 999209 999209
793 793 999207 999207
795 795 999205 999205
797 797 999203 999203
799 799 999201 999201
801 801 999199 999199
803 803 999197 999197
805 805 999195 999195
807 807 999193 999193
809 809 999191 999191
811 811 999189 999189
813 813 999187 999187
815 815 999185 999185
817 817 999183 999183
819 819 999181 999181
821 821 999179 999179
823 823 999177 999177
825 825 999175 999175
827 827 999173 999173
829 829 999171 999171
831 831 999169 999169
833 833 999167 999167
835 835 999165 999165
837 837 999163 999163
839 839 999161 999161
841 841 999159 999159
843 843 999157 999157
845 845 999155 999155
847 847 999153 999153
849 849 999151 999151
851 851 999149 999149
853 853 999147 999147
855 855 999145 999145
857 857 999143 999143
859 859 999141 999141
861 861 999139 999139
863 863 999137 999137
865 865 999135 999135
867 867 999133 999133
869 869 999131 999131
871 871 999129 999129
873 873 999127 999127
875 875 999125 999125
877 877 999123 999123
879 879 999121 999121
881 881 999119 999119
883 883 999117 999117
885 885 999115 999115
887 887 999113 999113
889 889 999111 999111
891 891 999109 999109
893 893 999107 999107
895 895 999105 999105
897 897 999103 999103
899 899 999101 999101
901 901 999099 999099
903 903 999097 999097
905 905 999095 999095
907 907 999093 999093
909 909 999091 999091
911 911 999089 999089
913 913 999087 999087
915 915 999085 999085
917 917 999083 999083
919 919 999081 999081
921 921 999079 999079
923 923 999077 999077
925 925 999075 999075
927 927 999073 999073
929 929 999071 999071
931 931 999069 999069
933 933 999067 999067
935 935 999065 999065
937 937 999063 999063
939 939 999061 999061
941 941 999059 999059
943 943 999057 999057
945 945 999055 999055
947 947 999053 999053
949 949 999051 999051
951 951 999049 999049
953 953 999047 999047
955 955 999045 999045
957 957 999043 999043
959 959 999041 999041
961 961 999039 999039
963 963 999037 999037
965 965 999035 999035
967 967 999033 999033
969 969 999031 999031
971 971 999029 999029
973 973 999027 999027
975 975 999025 999025
977 977 999023 999023
979 979 999021 999021
981 981 999019 999019
983 983 999017 999017
985 985 999015 999015
987 987 999013 999013
989 989 999011 999011
991 991 999009 999009
993 993 999007 999007
995 995 999005 999005
997 997 999003 999003
999 999 999001 999001
1001 1001 998999 998999
1003 1003 998997 998997
1005 1005 998995 998995
1007 1007 998993 998993
1009 1009 998991 998991
1011 1011 998989 998989
1013 1013 998987 998987
1015 1015 998985 998985
1017 1017 998983 998983
1019 1019 998981 998981
1021 1021 998979 998979
1023 1023 998977 998977
1025 1025 998975 998975
1027 1027 998973 998973
1029 1029 998971 998971
1031 1031 998969 998969
1033 1033 998967 998967
1035 1035 998965 998965
1037 1037 998963 998963
1039 1039 998961 998961
1041 1041 998959 998959
1043 1043 998957 998957
1045 1045 998955 998955
1047 1047 998953 998953
1049 1049 998951 998951
1051 1051 998949 998949
1053 1053 998947 998947
1055 1055 998945 998945
1057 1057 998943 998943
1059 1059 998941 998941
1061 1061 998939 998939
1063 1063 998937 998937
1065 1065 998935 998935
1067 1067 998933 998933
1069 1069 998931 998931
1071 1071 998929 998929
1073 1073 998927 998927
1075 1075 998925 998925
1077 1077 998923 998923
1079 1079 998921 998921
1081 1081 998919 998919
1083 1083 998917 998917
1085 1085 998915 998915
1087 1087 998913 998913
1089 1089 998911 998911
1091 1091 998909 998909
1093 1093 998907 998907
1095 1095 998905 998905
1097 1097 998903 998903
1099 1099 998901 998901
1101 1101 998899 998899
1103 1103 998897 998897
1105 1105 998895 998895
1107 1107 998893 998893
1109 1109 998891 998891
1111 1111 998889 998889
1113 1113 998887 998887
1115 1115 998885 998885
1117 1117 998883 998883
1119 1119 998881 998881
1121 1121 998879 998879
1123 1123 998877 998877
1125 1125 998875 998875
1127 1127 998873 998873
1129 1129 998871 998871
1131 1131 998869 998869
1133 1133 998867 998867
1135 1135 998865 998865
1137 1137 998863 998863
1139 1139 998861 998861
1141 1141 998859 998859
1143 1143 998857 998857
1145 1145 998855 998855
1147 1147 998853 998853
1149 1149 998851 998851
1151 1151 998849 998849
1153 1153 998847 998847
1155 1155 998845 998845
1157 1157 998843 998843
1159 1159 998841 998841
1161 1161 998839 998839
1163 1163 998837 998837
1165 1165 998835 998835
1167 1167 998833 998833
1169 1169 998831 998831
1171 1171 998829 998829
1173 1173 998827 998827
1175 1175 998825 998825
1177 1177 998823 998823
1179 1179 998821 998821
1181 1181 998819 998819
1183 1183 998817 998817
1185 1185 998815 998815
1187 1187 998813 998813
1189 1189 998811 998811
1191 1191 998809 998809
1193 1193 998807 998807
1195 1195 998805 998805
1197 1197 998803 998803
1199 1199 998801 998801
1201 1201 998799 998799
1203 1203 998797 998797
1205 1205 998795 998795
1207 1207 998793 998793
1209 1209 998791 998791
1211 1211 998789 998789
1213 1213 998787 998787
1215 1215 998785 998785
1217 1217 998783 998783
1219 1219 998781 998781
1221 1221 998779 998779
1223 1223 998777 998777
1225 1225 998775 998775
1227 1227 998773 998773
1229 1229 998771 998771
1231 1231 998769 998769
1233 1233 998767 998767
1235 1235 998765 998765
1237 1237 998763 998763
1239 1239 998761 998761
1241 1241 998759 998759
1243 1243 998757 998757
1245 1245 998755 998755
1247 1247 998753 998753
1249 1249 998751 998751
1251 1251 998749 998749
1253 1253 998747 998747
1255 1255 998745 998745
1257 1257 998743 998743
1259 1259 998741 998741
1261 1261 998739 998739
1263 1263 998737 998737
1265 1265 998735 998735
1267 1267 998733 998733
1269 1269 998731 998731
1271 1271 998729 998729
1273 1273 998727 998727
1275 1275 998725 998725
1277 1277 998723 998723
1279 1279 998721 998721
1281 1281 998719 998719
1283 1283 998717 998717
1285 1285 998715 998715
1287 1287 998713 998713
1289 1289 998711 998711
1291 1291 998709 998709
1293 1293 998707 998707
1295 1295 998705 998705
1297 1297 998703 998703
1299 1299 998701 998701
1301 1301 998699 998699
1303 1303 998697 998697
1305 1305 998695 998695
1307 1307 998693 998693
1309 1309 998691 998691
1311 1311 998689 998689
1313 1313 998687 998687
1315 1315 998685 998685
1317 1317 998683 998683
1319 1319 998681 998681
1321 1321 998679 998679
1323 1323 998677 998677
1325 1325 998675 998675
1327 1327 998673 998673
1329 1329 998671 998671
1331 1331 998669 998669
1333 1333 998667 998667
1335 1335 998665 998665
1337 1337 998663 998663
1339 1339 998661 998661
1341 1341 998659 998659
1343 1343 998657 998657
1345 1345 998655 998655
1347 1347 998653 998653
1349 1349 998651 998651
1351 1351 998649 998649
1353 1353 998647 998647
1355 1355 998645 998645
1357 1357 998643 998643
1359 1359 998641 998641
1361 1361 998639 998639
1363 1363 998637 998637
1365 1365 998635 998635
1367 1367 998633 998633
1369 1369 998631 998631
1371 1371 998629 998629
1373 1373 998627 998627
1375 1375 998625 998625
1377 1377 998623 998623
1379 1379 998621 998621
1381 1381 998619 998619
1383 1383 998617 998617
1385 1385 998615 998615
1387 1387 998613 998613
1389 1389 998611 998611
1391 1391 998609 998609
1393 1393 998607 998607
1395 1395 998605 998605
1397 1397 998603 998603
1399 1399 998601 998601
1401 1401 998599 998599
1403 1403 998597 998597
1405 1405 998595 998595
1407 1407 998593 998593
1409 1409 998591 998591
1411 1411 998589 998589
1413 1413 998587 998587
1415 1415 998585 998585
1417 1417 998583 998583
1419 1419 998581 998581
1421 1421 998579 998579
1423 1423 998577 998577
1425 1425 998575 998575
1427 1427 998573 998573
1429 1429 998571 998571
1431 1431 998569 998569
1433 1433 998567 998567
1435 1435 998565 998565
1437 1437 998563 998563
1439 1439 998561 998561
1441 1441 998559 998559
1443 1443 998557 998557
1445 1445 998555 998555
1447 1447 998553 998553
1449 1449 998551 998551
1451 1451 998549 998549
1453 1453 998547 998547
1455 1455 998545 998545
1457 1457 998543 998543
1459 1459 998541 998541
1461 1461 998539 998539
1463 1463 998537 998537
1465 1465 998535 998535
1467 1467 998533 998533
1469 1469 998531 998531
1471 1471 998529 998529
1473 1473 998527 998527
1475 1475 998525 998525
1477 1477 998523 998523
1479 1479 998521 998521
1481 1481 998519 998519
1483 1483 998517 998517
1485 1485 998515 998515
1487 1487 998513 998513
1489 1489 998511 998511
1491 1491 998509 998509
1493 1493 998507 998507
1495 1495 998505 998505
1497 1497 998503 998503
1499 1499 998501 998501
1501 1501 998499 998499
1503 1503 998497 998497
1505 1505 998495 998495
1507 1507 998493 998493
1509 1509 998491 998491
1511 1511 998489 998489
1513 1513 998487 998487
1515 1515 998485 998485
1517 1517 998483 998483
1519 1519 998481 998481
1521 1521 998479 998479
1523 1523 998477 998477
1525 1525 998475 998475
1527 1527 998473 998473
1529 1529 998471 998471
1531 1531 998469 998469
1533 1533 998467 998467
1535 1535 998465 998465
1537 1537 998463 998463
1539 1539 998461 998461
1541 1541 998459 998459
1543 1543 998457 998457
1545 1545 998455 998455
1547 1547 998453 998453
1549 1549 998451 998451
1551 1551 998449 998449
1553 1553 998447 998447
1555 1555 998445 998445
1557 1557 998443 998443
1559 1559 998441 998441
1561 1561 998439 998439
1563 1563 998437 998437
1565 1565 998435 998435
1567 1567 998433 998433
1569 1569 998431 998431
1571 1571 998429 998429
1573 1573 998427 998427
1575 1575 998425 998425
1577 1577 998423 998423
1579 1579 998421 998421
1581 1581 998419 998419
1583 1583 998417 998417
1585 1585 998415 998415
1587 1587 998413 998413
1589 1589 998411 998411
1591 1591 998409 998409
1593 1593 998407 998407
1595 1595 998405 998405
1597 1597 998403 998403
1599 1599 998401 998401
1601 1601 998399 998399
1603 1603 998397 998397
1605 1605 998395 998395
1607 1607 998393 998393
1609 1609 998391 998391
1611 1611 998389 998389
1613 1613 998387 998387
1615 1615 998385 998385
1617 1617 998383 998383
1619 1619 998381 998381
1621 1621 998379 998379
1623 1623 998377 998377
1625 1625 998375 998375
1627 1627 998373 998373
1629 1629 998371 998371
1631 1631 998369 998369
1633 1633 998367 998367
1635 1635 998365 998365
1637 1637 998363 998363
1639 1639 998361 998361
1641 1641 998359 998359
1643 1643 998357 998357
1645 1645 998355 998355
1647 1647 998353 998353
1649 1649 998351 998351
1651 1651 998349 998349
1653 1653 998347 998347
1655 1655 998345 998345
1657 1657 998343 998343
1659 1659 998341 998341
1661 1661 998339 998339
1663 1663 998337 998337
1665 1665 998335 998335
1667 1667 998333 998333
1669 1669 998331 998331
1671 1671 998329 998329
1673 1673 998327 998327
1675 1675 998325 998325
1677 1677 998323 998323
1679 1679 998321 998321
1681 1681 998319 998319
1683 1683 998317 998317
1685 1685 998315 998315
1687 1687 998313 998313
1689 1689 998311 998311
1691 1691 998309 998309
1693 1693 998307 998307
1695 1695 998305 998305
1697 1697 998303 998303
1699 1699 998301 998301
1701 1701 998299 998299
1703 1703 998297 998297
1705 1705 998295 998295
1707 1707 998293 998293
1709 1709 998291 998291
1711 1711 998289 998289
1713 1713 998287 998287
1715 1715 998285 998285
1717 1717 998283 998283
1719 1719 998281 998281
1721 1721 998279 998279
1723 1723 998277 998277
1725 1725 998275 998275
1727 1727 998273 998273
1729 1729 998271 998271
1731 1731 998269 998269
1733 1733 998267 998267
1735 1735 998265 998265
1737 1737 998263 998263
1739 1739 998261 998261
1741 1741 998259 998259
1743 1743 998257 998257
1745 1745 998255 998255
1747 1747 998253 998253
1749 1749 998251 998251
1751 1751 998249 998249
1753 1753 998247 998247
1755 1755 998245 998245
1757 1757 998243 998243
1759 1759 998241 998241
1761 1761 998239 998239
1763 1763 998237 998237
1765 1765 998235 998235
1767 1767 998233 998233
1769 1769 998231 998231
1771 1771 998229 998229
1773 1773 998227 998227
1775 1775 998225 998225
1777 1777 998223 998223
1779 1779 998221 998221
1781 1781 998219 998219
1783 1783 998217 998217
1785 1785 998215 998215
1787 1787 998213 998213
1789 1789 998211 998211
1791 1791 998209 998209
1793 1793 998207 998207
1795 1795 998205 998205
1797 1797 998203 998203
1799 1799 998201 998201
1801 1801 998199 998199
1803 1803 998197 998197
1805 1805 998195 998195
1807 1807 998193 998193
1809 1809 998191 998191
1811 1811 998189 998189
1813 1813 998187 998187
1815 1815 998185 998185
1817 1817 998183 998183
1819 1819 998181 998181
1821 1821 998179 998179
1823 1823 998177 998177
1825 1825 998175 998175
1827 1827 998173 998173
1829 1829 998171 998171
1831 1831 998169 998169
1833 1833 998167 998167
1835 1835 998165 998165
1837 1837 998163 998163
1839 1839 998161 998161
1841 1841 998159 998159
1843 1843 998157 998157
1845 1845 998155 998155
1847 1847 998153 998153
1849 1849 998151 998151
1851 1851 998149 998149
1853 1853 998147 998147
1855 1855 998145 998145
1857 1857 998143 998143
1859 1859 998141 998141
1861 1861 998139 998139
1863 1863 998137 998137
1865 1865 998135 998135
1867 1867 998133 998133
1869 1869 998131 998131
1871 1871 998129 998129
1873 1873 998127 998127
1875 1875 998125 998125
1877 1877 998123 998123
1879 1879 998121 998121
1881 1881 998119 998119
1883 1883 998117 998117
1885 1885 998115 998115
1887 1887 998113 998113
1889 1889 998111 998111
1891 1891 998109 998109
1893 1893 998107 998107
1895 1895 998105 998105
1897 1897 998103 998103
1899 1899 998101 998101
1901 1901 998099 998099
1903 1903 998097 998097
1905 1905 998095 998095
1907 1907 998093 998093
1909 1909 998091 998091
1911 1911 998089 998089
1913 1913 998087 998087
1915 1915 998085 998085
1917 1917 998083 998083
1919 1919 998081 998081
1921 1921 998079 998079
1923 1923 998077 998077
1925 1925 998075 998075
1927 1927 998073 998073
1929 1929 998071 998071
1931 1931 998069 998069
1933 1933 998067 998067
1935 1935 998065 998065
1937 1937 998063 998063
1939 1939 998061 998061
1941 1941 998059 998059
1943 1943 998057 998057
1945 1945 998055 998055
1947 1947 998053 998053
1949 1949 998051 998051
1951 1951 998049 998049
1953 1953 998047 998047
1955 1955 998045 998045
1957 1957 998043 998043
1959 1959 998041 998041
1961 1961 998039 998039
1963 1963 998037 998037
1965 1965 998035 998035
1967 1967 998033 998033
1969 1969 998031 998031
1971 1971 998029 998029
1973 1973 998027 998027
1975 1975 998025 998025
1977 1977 998023 998023
1979 1979 998021 998021
1981 1981 998019 998019
1983 1983 998017 998017
1985 1985 998015 998015
1987 1987 998013 998013
1989 1989 998011 998011
1991 1991 998009 998009
1993 1993 998007 998007
1995 1995 998005 998005
1997 1997 998003 998003
1999 1999 998001 998001
0 0